spawns: 
  default: 
    world: BetaworldRC2
    x: 311.0204194073921
    y: 64.0
    z: 323.9734332864911
    yaw: 298.94794
    pitch: 5.8499637
